a:[0][1][1][2][0][1][1][2][3][1][2][3][4][4][2][3][3][3][0][1]
b:
------------------------------
a:[0][0][0][0][1][0][0][0][0][1][1][1][1][0][0][0][0][0][0][0]
b:
------------------------------
a:[4][18][9][16][1][11][5][12][14][3][13][15][19][17][6][10][8][7][0][2]
b:
------------------------------
[lds:19 | len:4]
[lds:1]
[b_pivot:5]
[cc:4]
[times_to_push:1]
-------
[cc:18]
[cc:9]
[times_to_push:2]
-------
[cc:16]
[cc:1]
[cc:11]
[cc:5]
[times_to_push:3]
-------
[cc:12]
[cc:14]
[cc:3]
[cc:13]
[cc:15]
[cc:19]
[cc:17]
[cc:6]
[times_to_push:4]
-------
[cc:10]
[cc:8]
[times_to_push:5]
-------
[cc:7]
[times_to_push:6]
-------
[cc:0]
[times_to_push:7]
-------
[cc:2]
[times_to_push:8]
-------
a:[1][0][1][0][0][0][1][0][0][0][0][0][0][0][1][0][1][1][1][1]
b:
------------------------------
[pivot:9, total_pushed:0, times_to_push:8]
pb
a:[18][9][16][1][11][5][12][14][3][13][15][19][17][6][10][8][7][0][2]
b:[4]
------------------------------
tail:2
len_from_head:1
distance:1
ra
a:[9][16][1][11][5][12][14][3][13][15][19][17][6][10][8][7][0][2][18]
b:[4]
------------------------------
pb
a:[16][1][11][5][12][14][3][13][15][19][17][6][10][8][7][0][2][18]
b:[9][4]
------------------------------
tail:18
len_from_head:3
distance:-2
rra
a:[18][16][1][11][5][12][14][3][13][15][19][17][6][10][8][7][0][2]
b:[9][4]
------------------------------
rra
a:[2][18][16][1][11][5][12][14][3][13][15][19][17][6][10][8][7][0]
b:[9][4]
------------------------------
pb
a:[18][16][1][11][5][12][14][3][13][15][19][17][6][10][8][7][0]
b:[2][9][4]
------------------------------
rb
a:[18][16][1][11][5][12][14][3][13][15][19][17][6][10][8][7][0]
b:[9][4][2]
------------------------------
tail:0
len_from_head:4
distance:-1
rra
a:[0][18][16][1][11][5][12][14][3][13][15][19][17][6][10][8][7]
b:[9][4][2]
------------------------------
pb
a:[18][16][1][11][5][12][14][3][13][15][19][17][6][10][8][7]
b:[0][9][4][2]
------------------------------
rb
a:[18][16][1][11][5][12][14][3][13][15][19][17][6][10][8][7]
b:[9][4][2][0]
------------------------------
tail:7
len_from_head:4
distance:-1
rra
a:[7][18][16][1][11][5][12][14][3][13][15][19][17][6][10][8]
b:[9][4][2][0]
------------------------------
pb
a:[18][16][1][11][5][12][14][3][13][15][19][17][6][10][8]
b:[7][9][4][2][0]
------------------------------
tail:8
len_from_head:4
distance:-1
rra
a:[8][18][16][1][11][5][12][14][3][13][15][19][17][6][10]
b:[7][9][4][2][0]
------------------------------
pb
a:[18][16][1][11][5][12][14][3][13][15][19][17][6][10]
b:[8][7][9][4][2][0]
------------------------------
tail:10
len_from_head:4
distance:-2
rra
a:[10][18][16][1][11][5][12][14][3][13][15][19][17][6]
b:[8][7][9][4][2][0]
------------------------------
rra
a:[6][10][18][16][1][11][5][12][14][3][13][15][19][17]
b:[8][7][9][4][2][0]
------------------------------
pb
a:[10][18][16][1][11][5][12][14][3][13][15][19][17]
b:[6][8][7][9][4][2][0]
------------------------------
tail:17
len_from_head:5
distance:5
ra
a:[18][16][1][11][5][12][14][3][13][15][19][17][10]
b:[6][8][7][9][4][2][0]
------------------------------
ra
a:[16][1][11][5][12][14][3][13][15][19][17][10][18]
b:[6][8][7][9][4][2][0]
------------------------------
ra
a:[1][11][5][12][14][3][13][15][19][17][10][18][16]
b:[6][8][7][9][4][2][0]
------------------------------
ra
a:[11][5][12][14][3][13][15][19][17][10][18][16][1]
b:[6][8][7][9][4][2][0]
------------------------------
ra
a:[5][12][14][3][13][15][19][17][10][18][16][1][11]
b:[6][8][7][9][4][2][0]
------------------------------
pb
a:[12][14][3][13][15][19][17][10][18][16][1][11]
b:[5][6][8][7][9][4][2][0]
------------------------------
rb
a:[12][14][3][13][15][19][17][10][18][16][1][11]
b:[6][8][7][9][4][2][0][5]
------------------------------
[cc:12]
[times_to_push:1]
-------
[cc:14]
[times_to_push:2]
-------
[cc:3]
[cc:13]
[cc:15]
[cc:19]
[cc:17]
[cc:10]
[times_to_push:3]
-------
[cc:18]
[cc:16]
[cc:1]
[cc:11]
[times_to_push:4]
-------
a:[1][1][0][0][0][0][0][1][0][0][0][1]
b:[1][1][1][1][1][1][1][1]
------------------------------
[pivot:14, total_pushed:8, times_to_push:4]
pb
a:[14][3][13][15][19][17][10][18][16][1][11]
b:[12][6][8][7][9][4][2][0][5]
------------------------------
pb
a:[3][13][15][19][17][10][18][16][1][11]
b:[14][12][6][8][7][9][4][2][0][5]
------------------------------
tail:11
len_from_head:5
distance:-1
rra
a:[11][3][13][15][19][17][10][18][16][1]
b:[14][12][6][8][7][9][4][2][0][5]
------------------------------
pb
a:[3][13][15][19][17][10][18][16][1]
b:[11][14][12][6][8][7][9][4][2][0][5]
------------------------------
tail:1
len_from_head:5
distance:-4
rra
a:[1][3][13][15][19][17][10][18][16]
b:[11][14][12][6][8][7][9][4][2][0][5]
------------------------------
rra
a:[16][1][3][13][15][19][17][10][18]
b:[11][14][12][6][8][7][9][4][2][0][5]
------------------------------
rra
a:[18][16][1][3][13][15][19][17][10]
b:[11][14][12][6][8][7][9][4][2][0][5]
------------------------------
rra
a:[10][18][16][1][3][13][15][19][17]
b:[11][14][12][6][8][7][9][4][2][0][5]
------------------------------
pb
a:[18][16][1][3][13][15][19][17]
b:[10][11][14][12][6][8][7][9][4][2][0][5]
------------------------------
[cc:18]
[cc:16]
[times_to_push:1]
-------
[cc:1]
[cc:3]
[cc:13]
[cc:15]
[cc:19]
[cc:17]
[times_to_push:2]
-------
a:[0][1][0][0][0][0][0][1]
b:[1][1][1][1][1][1][1][1][1][1][1][1]
------------------------------
[pivot:17, total_pushed:12, times_to_push:2]
tail:17
len_from_head:1
distance:1
ra
a:[16][1][3][13][15][19][17][18]
b:[10][11][14][12][6][8][7][9][4][2][0][5]
------------------------------
pb
a:[1][3][13][15][19][17][18]
b:[16][10][11][14][12][6][8][7][9][4][2][0][5]
------------------------------
tail:18
len_from_head:5
distance:-2
rra
a:[18][1][3][13][15][19][17]
b:[16][10][11][14][12][6][8][7][9][4][2][0][5]
------------------------------
rra
a:[17][18][1][3][13][15][19]
b:[16][10][11][14][12][6][8][7][9][4][2][0][5]
------------------------------
pb
a:[18][1][3][13][15][19]
b:[17][16][10][11][14][12][6][8][7][9][4][2][0][5]
------------------------------
[cc:18]
[times_to_push:1]
-------
[cc:1]
[cc:3]
[cc:13]
[cc:15]
[cc:19]
a:[1][0][0][0][0][0]
b:[1][1][1][1][1][1][1][1][1][1][1][1][1][1]
------------------------------
[pivot:18, total_pushed:14, times_to_push:1]
pb
a:[1][3][13][15][19]
b:[18][17][16][10][11][14][12][6][8][7][9][4][2][0][5]
------------------------------
